double Arrival_prob[I][N_arri_max + 1] = {		//the probability distribution values of various patients' arrivals
	{ 0.06575,0.05205,0.05205,0.06027,0.10959,0.10685,0.05479,0.09315,0.06849,0.05205,0.05479,0.03562,0.05753,0.04658,0.03288,0.01644,0.01096,0.00548,0.01644,0.00274,0.00000,0.00548,0.00000,0.0 },
	{ 0.01096 ,0.01644 ,0.01918 ,0.04110 ,0.06575 ,0.07123 ,0.06027 ,0.06849 ,0.07671 ,0.10411 ,0.12055 ,0.08219 ,0.10137 ,0.04384 ,0.04658 ,0.02192 ,0.00274 ,0.01644 ,0.01096 ,0.01370 ,0.00000 ,0.00548 ,0.00000 ,0.00000 },
	{ 0.10959 ,0.12329 ,0.13425 ,0.18904 ,0.12329 ,0.11781 ,0.08493 ,0.05205 ,0.03014 ,0.01918 ,0.00548 ,0.00822 ,0.00000 ,0.00274 ,0.00000 ,0.00000 ,0.00000 ,0.00000 ,0.00000 ,0.00000 ,0.00000 ,0.00000 ,0.00000 ,0.00000 },
	{ 0.17808,0.03562,0.06849,0.06301,0.05205,0.06849,0.06849,0.09589,0.07123,0.07123,0.05753,0.06849,0.04658,0.02192,0.00822,0.00274,0.01370,0.00548,0.00274,0.00000,0.00000,0.00000,0.00000,0.00000 },
	{ 0.49863,0.07123,0.06301,0.05753,0.02192,0.01918,0.01918,0.01644,0.02740,0.03014,0.02466,0.02466,0.02740,0.02466,0.03288,0.03014,0.01096,0.00000,0.00000,0.00000,0.00000,0.00000,0.00000,0.0 },
	{ 0.08493 ,0.12329 ,0.09315 ,0.11233 ,0.16712 ,0.09589 ,0.10959 ,0.07671 ,0.06027 ,0.02466 ,0.01918 ,0.01644 ,0.00822 ,0.00274 ,0.00274 ,0.00000 ,0.00274 ,0.00000 ,0.00000 ,0.00000 ,0.00000 ,0.00000 ,0.00000 ,0.00000 },
	{ 0.12329,0.15068,0.12329,0.10411,0.13151,0.10685,0.07397,0.04932,0.04110,0.02192,0.03014,0.02740,0.00000,0.00822,0.00548,0.00000,0.00274,0.00000,0.00000,0.00000,0.00000,0.00000,0.00000,0.00000 },
	{ 0.17808,0.14521,0.10411,0.12877,0.11781,0.13151,0.07671,0.05205,0.03836,0.01370,0.00274,0.00548,0.00274,0.00274,0.00000,0.00000,0.00000,0.00000,0.00000,0.00000,0.00000,0.00000,0.00000,0.0 },
	{ 0.02192,0.03288,0.06301,0.07123,0.06301,0.06301,0.08219,0.06849,0.08219,0.10685,0.06849,0.07671,0.06849,0.03562,0.03288,0.01918,0.01370,0.02466,0.00000,0.00274,0.00000,0.00000,0.00000,0.00274 },
	{ 0.26027,0.25753,0.16164,0.12329,0.06301,0.05479,0.03562,0.01096,0.01096,0.01096,0.00548,0.00548,0.00000,0.00000,0.00000,0.00000,0.00000,0.00000,0.00000,0.00000,0.00000,0.00000,0.00000,0.0 }
};
double LoS_prob[I][LoS_max] = {		//the probability distribution values of various patients' LoS
	{ 0.14443, 0.01256, 0.17072, 0.26610, 0.13893, 0.16680, 0.04121, 0.02473, 0.01099, 0.00746, 0.00353, 0.00314, 0.00078, 0.00235, 0.00157, 0.00078, 0.00039, 0.00039, 0.00000, 0.00000, 0.00039, 0.00039, 0.00039, 0.00000, 0.00000, 0.00000, 0.00000, 0.00118, 0.00000, 0.00000, 0.00000, 0.00039, 0.00000, 0.00039, 0.00000, 0.00000, 0.00000, 0.00000, 0.00000, 0.00000, 0.00000, 0.00000, 0.00000, 0.00000, 0.00000, 0.00000, 0.00000, 0.00000, 0.00000, 0.00000, 0.00000, 0.00000, 0.00000, 0.00000, 0.00000, 0.00000 },
	{ 0.00154, 0.00706, 0.01750, 0.06445, 0.08317, 0.10712, 0.11724, 0.10619, 0.10097, 0.07888, 0.06384, 0.06169, 0.04236, 0.03130, 0.01965, 0.01657, 0.01289, 0.00982, 0.00583, 0.00613, 0.00737, 0.00583, 0.00461, 0.00461, 0.00246, 0.00154, 0.00061, 0.00215, 0.00154, 0.00154, 0.00092, 0.00061, 0.00122, 0.00092, 0.00154, 0.00031, 0.00000, 0.00031, 0.00031, 0.00122, 0.00092, 0.00092, 0.00031, 0.00000, 0.00000, 0.00122, 0.00031, 0.00031, 0.00031, 0.00000, 0.00031, 0.00031, 0.00000, 0.00061, 0.00031, 0.00031 },
	{ 0.00546, 0.00782, 0.01406, 0.02500, 0.02500, 0.07110, 0.11094, 0.10000, 0.08594, 0.07500, 0.08672, 0.07344, 0.05938, 0.05468, 0.03438, 0.03204, 0.02500, 0.01876, 0.01250, 0.01640, 0.01250, 0.00782, 0.00390, 0.00390, 0.00626, 0.00468, 0.00312, 0.00468, 0.00312, 0.00390, 0.00234, 0.00156, 0.00078, 0.00156, 0.00156, 0.00156, 0.00078, 0.00000, 0.00078, 0.00078, 0.00000, 0.00000, 0.00000, 0.00000, 0.00000, 0.00000, 0.00000, 0.00000, 0.00000, 0.00000, 0.00000, 0.00000, 0.00078, 0.00000, 0.00000, 0.00000 },
	{ 0.00000, 0.08275, 0.10460, 0.06183, 0.13157, 0.09530, 0.14087, 0.04649, 0.02743, 0.03859, 0.03627, 0.04602, 0.05299, 0.03952, 0.01813, 0.01163, 0.01116, 0.00883, 0.00976, 0.00558, 0.00651, 0.00465, 0.00465, 0.00325, 0.00418, 0.00093, 0.00279, 0.00093, 0.00093, 0.00046, 0.00000, 0.00000, 0.00000, 0.00046, 0.00000, 0.00000, 0.00046, 0.00000, 0.00000, 0.00000, 0.00000, 0.00046, 0.00000, 0.00000, 0.00000, 0.00000, 0.00000, 0.00000, 0.00000, 0.00000, 0.00000, 0.00000, 0.00000, 0.00000, 0.00000, 0.00000 },
	{ 0.31259, 0.38725, 0.17496, 0.05365, 0.02877, 0.00700, 0.00389, 0.00467, 0.00544, 0.00622, 0.00155, 0.00233, 0.00311, 0.00155, 0.00155, 0.00155, 0.00078, 0.00078, 0.00000, 0.00000, 0.00078, 0.00000, 0.00000, 0.00078, 0.00000, 0.00000, 0.00000, 0.00000, 0.00000, 0.00000, 0.00078, 0.00000, 0.00000, 0.00000, 0.00000, 0.00000, 0.00000, 0.00000, 0.00000, 0.00000, 0.00000, 0.00000, 0.00000, 0.00000, 0.00000, 0.00000, 0.00000, 0.00000, 0.00000, 0.00000, 0.00000, 0.00000, 0.00000, 0.00000, 0.00000, 0.00000 },
	{ 0.14443, 0.01256, 0.17072, 0.26610, 0.13893, 0.16680, 0.04121, 0.02473, 0.01099, 0.00746, 0.00353, 0.00314, 0.00078, 0.00235, 0.00157, 0.00078, 0.00039, 0.00039, 0.00000, 0.00000, 0.00039, 0.00039, 0.00039, 0.00000, 0.00000, 0.00000, 0.00000, 0.00118, 0.00000, 0.00000, 0.00000, 0.00039, 0.00000, 0.00039, 0.00000, 0.00000, 0.00000, 0.00000, 0.00000, 0.00000, 0.00000, 0.00000, 0.00000, 0.00000, 0.00000, 0.00000, 0.00000, 0.00000, 0.00000, 0.00000, 0.00000, 0.00000, 0.00000, 0.00000, 0.00000, 0.00000 },
	{ 0.01402, 0.01332, 0.01402, 0.00911, 0.01542, 0.03784, 0.12052, 0.17589, 0.13314, 0.09670, 0.08619, 0.05395, 0.06307, 0.03854, 0.01821, 0.01332, 0.00561, 0.01051, 0.00771, 0.01192, 0.00841, 0.00561, 0.00771, 0.00350, 0.00421, 0.00561, 0.00350, 0.00491, 0.00140, 0.00210, 0.00210, 0.00140, 0.00000, 0.00000, 0.00350, 0.00140, 0.00140, 0.00000, 0.00070, 0.00070, 0.00140, 0.00000, 0.00000, 0.00000, 0.00000, 0.00000, 0.00070, 0.00000, 0.00000, 0.00070, 0.00000, 0.00000, 0.00000, 0.00000, 0.00000, 0.00000 },
	{ 0.00086, 0.00086, 0.00086, 0.00000, 0.00000, 0.00172, 0.00258, 0.00344, 0.01118, 0.02064, 0.03353, 0.04299, 0.05331, 0.08942, 0.09458, 0.08082, 0.06277, 0.05417, 0.07308, 0.03611, 0.05159, 0.03009, 0.03009, 0.02923, 0.01376, 0.02666, 0.00859, 0.01805, 0.00859, 0.01290, 0.00774, 0.00687, 0.00516, 0.00859, 0.01204, 0.00344, 0.01032, 0.00172, 0.00516, 0.00430, 0.00258, 0.00516, 0.00344, 0.00430, 0.00430, 0.00430, 0.00258, 0.00172, 0.00258, 0.00258, 0.00086, 0.00086, 0.00172, 0.00086, 0.00086, 0.00344 },
	{ 0.01096, 0.04986, 0.11492, 0.09193, 0.08062, 0.05552, 0.02758, 0.02299, 0.02051, 0.03395, 0.03430, 0.04208, 0.04845, 0.04526, 0.04703, 0.03182, 0.03253, 0.03288, 0.02228, 0.02086, 0.01875, 0.01556, 0.01026, 0.00884, 0.00884, 0.00707, 0.00636, 0.00707, 0.00460, 0.00389, 0.00283, 0.00283, 0.00602, 0.00283, 0.00177, 0.00389, 0.00142, 0.00177, 0.00142, 0.00177, 0.00071, 0.00177, 0.00142, 0.00142, 0.00212, 0.00106, 0.00000, 0.00035, 0.00106, 0.00000, 0.00071, 0.00071, 0.00106, 0.00106, 0.00212, 0.00035 },
	{ 0.00820, 0.02323, 0.03962, 0.06694, 0.05738, 0.06284, 0.09699, 0.06558, 0.04918, 0.04235, 0.03962, 0.04099, 0.04644, 0.04644, 0.02596, 0.02323, 0.01093, 0.02459, 0.02732, 0.01229, 0.01912, 0.00820, 0.01229, 0.01367, 0.01367, 0.01093, 0.00409, 0.01093, 0.00820, 0.00683, 0.00547, 0.00547, 0.00547, 0.00547, 0.00409, 0.00547, 0.00547, 0.00547, 0.00547, 0.00547, 0.00273, 0.00547, 0.00136, 0.00000, 0.00547, 0.00000, 0.00136, 0.00136, 0.00000, 0.00547, 0.00000, 0.00136, 0.00000, 0.00273, 0.00136, 0.00000 }
};
